0 0.0859375 0.5364583333333334 0.109375 0.27291666666666664
0 0.27265625 0.259375 0.0421875 0.07291666666666667
3 0.6 0.6520833333333333 0.8 0.6958333333333333
0 0.74296875 0.4625 0.15625 0.16458333333333333
0 0.1890625 0.3 0.059375 0.09166666666666666
0 0.509375 0.2791666666666667 0.046875 0.0875
18 0.91953125 0.571875 0.0828125 0.12916666666666668
15 0.63203125 0.421875 0.0390625 0.08541666666666667
0 0.45078125 0.3229166666666667 0.0671875 0.09166666666666666
0 0.39296875 0.21875 0.0484375 0.05
0 0.55 0.39166666666666666 0.1 0.1
13 0.06640625 0.27291666666666664 0.0453125 0.04583333333333333
4 0.96328125 0.42291666666666666 0.0734375 0.11666666666666667
0 0.96171875 0.43125 0.0734375 0.1125
4 0.24375 0.21145833333333333 0.05 0.03125
17 0.87578125 0.4666666666666667 0.0796875 0.10520833333333333